#
# Scientific colour maps
# @see https://www.fabiocrameri.ch/colourmaps/
#

vik_colors <- c(
  "#001261",
  "#011A66",
  "#02226B",
  "#022B71",
  "#023376",
  "#023A7B",
  "#034280",
  "#034A85",
  "#06548B",
  "#0B5D91",
  "#136697",
  "#1E6F9D",
  "#2B79A4",
  "#3C85AC",
  "#4B90B3",
  "#5A9ABA",
  "#6AA4C1",
  "#7AAEC8",
  "#8DBAD0",
  "#9DC4D6",
  "#ADCDDD",
  "#BDD6E3",
  "#CCDFE8",
  "#DEE6E9",
  "#E8E7E5",
  "#EEE3DC",
  "#EEDBD0",
  "#EBD0C0",
  "#E7C6B2",
  "#E3BCA5",
  "#DFB298",
  "#DBA88B",
  "#D69D7C",
  "#D29470",
  "#CE8B64",
  "#CA8258",
  "#C6794C",
  "#C26E3F",
  "#BE6533",
  "#B85C28",
  "#B2511D",
  "#A94512",
  "#9C3709",
  "#912D06",
  "#872406",
  "#7E1D06",
  "#741506",
  "#6A0D07",
  "#620607",
  "#590008" 
)

berlin_colors <- c(
  "#9EB0FF",
  "#93AFFA",
  "#87ADF4",
  "#79ABED",
  "#6CA9E6",
  "#60A5DF",
  "#54A0D5",
  "#489ACA",
  "#3E90BC",
  "#3787AF",
  "#327EA3",
  "#2D7597",
  "#296B8B",
  "#25607C",
  "#225771",
  "#1E4E65",
  "#1B465A",
  "#183D4F",
  "#153342",
  "#122C38",
  "#11242E",
  "#101D25",
  "#11181C",
  "#121214",
  "#160E0D",
  "#1B0B07",
  "#210B03",
  "#270D01",
  "#2D0E00",
  "#340F00",
  "#3B1100",
  "#421301",
  "#4B1602",
  "#541905",
  "#5D1E09",
  "#68240F",
  "#732B16",
  "#803620",
  "#8A3F2A",
  "#944834",
  "#9E513F",
  "#A85A4A",
  "#B46658",
  "#BE6F63",
  "#C8796F",
  "#D2837A",
  "#DD8D86",
  "#EA9995",
  "#F4A3A1",
  "#FFADAD"
)

cork_colors <- c(
  "#2C194C",
  "#2B2254",
  "#2B295C",
  "#2A3265",
  "#293A6D",
  "#284275",
  "#284A7C",
  "#2A5284",
  "#2F5C8D",
  "#366493",
  "#3F6C99",
  "#49749F",
  "#527CA4",
  "#5E85AA",
  "#688DB0",
  "#7395B6",
  "#7E9DBB",
  "#8AA6C2",
  "#99B1C9",
  "#A5BBD0",
  "#B2C5D7",
  "#C0CFDE",
  "#CDD9E5",
  "#DCE5EB",
  "#E5ECED",
  "#E6EEEA",
  "#E0EAE1",
  "#D4E2D4",
  "#C8DBC8",
  "#BCD3BC",
  "#B0CAB0",
  "#A4C2A3",
  "#95B895",
  "#89B088",
  "#7DA87D",
  "#71A071",
  "#669966",
  "#599059",
  "#4F894E",
  "#458244",
  "#3B7B3A",
  "#317430",
  "#266A25",
  "#1F611D",
  "#1A5816",
  "#174E12",
  "#14450E",
  "#123A0A",
  "#103107",
  "#0F2903"
)